#ID_camira z ra dec nsersic lgre lgre_err lgM_star_bp lgM_star_camira
9  0.26  34.655  -5.674 4.4 1.07 0.00  11.62  11.79 
18  0.27  34.983  -5.468 8.0 1.58 0.00  11.61  11.46 
27  0.29  34.199  -4.607 4.4 1.10 0.02  11.69  11.75 
38  0.11  35.301  -4.737 2.7 0.90 0.00  11.43  11.56 
41  0.20  35.216  -4.656 6.3 1.18 0.00  11.50  11.58 
49  0.28  37.019  -4.850 3.4 1.17 0.00  11.52  11.79 
50  0.26  37.616  -4.564 3.9 0.94 0.00  11.35  11.49 
55  0.15  36.813  -5.076 3.6 0.90 0.00  11.50  11.86 
58  0.26  36.353  -4.679 3.6 1.18 0.00  11.60  11.85 
63  0.26  36.506  -5.202 6.4 0.93 0.00  11.24  11.34 
65  0.20  36.542  -5.643 6.1 0.85 0.00  11.21  11.38 
77  0.25  36.139  -4.239 4.1 1.17 0.00  11.31  11.49 
91  0.26  35.793  -3.498 5.0 0.92 0.00  11.16  11.31 
96  0.10  34.320  -4.130 3.4 0.90 0.00  11.29  11.69 
101  0.28  35.751  -4.095 6.7 0.84 0.00  11.14  11.26 
110  0.17  36.378  -4.239 5.5 1.11 0.00  11.35  11.59 
115  0.19  36.576  -3.999 5.4 1.13 0.00  11.43  11.54 
126  0.21  37.086  -4.143 4.4 1.22 0.00  11.47  11.67 
129  0.28  350.624  -0.373 4.8 1.41 0.01  11.38  11.37 
130  0.26  351.883  0.943 5.0 1.50 0.02  11.79  11.86 
137  0.17  351.090  0.319 3.5 0.94 0.00  11.57  11.69 
139  0.26  352.629  0.636 4.6 0.85 0.00  11.23  11.44 
146  0.29  351.778  -0.400 6.1 1.28 0.00  11.48  11.52 
149  0.18  352.528  -0.613 2.0 0.87 0.00  11.19  11.67 
152  0.25  351.798  -1.227 5.4 1.07 0.00  11.41  11.56 
176  0.26  351.025  0.363 3.2 0.72 0.00  11.51  11.78 
186  0.26  352.039  0.186 3.5 1.38 0.00  11.60  11.73 
193  0.28  352.698  -0.042 3.4 0.99 0.00  11.46  11.34 
195  0.27  351.867  -0.830 8.0 1.02 0.00  11.24  11.30 
201  0.23  351.414  0.973 6.5 1.20 0.00  11.47  11.48 
226  0.30  350.305  -1.261 3.3 1.10 0.00  11.47  11.75 
230  0.29  351.084  -0.541 5.2 1.15 0.01  11.63  11.71 
234  0.28  353.056  0.590 3.5 0.73 0.00  11.45  11.66 
237  0.25  353.118  0.478 4.5 0.71 0.00  11.13  11.32 
246  0.20  353.680  0.480 3.3 0.80 0.00  11.03  11.37 
254  0.21  150.008  1.315 4.8 0.91 0.00  11.22  11.32 
257  0.24  150.063  1.167 6.1 0.97 0.00  11.33  11.49 
270  0.19  149.534  0.915 5.2 0.99 0.00  11.36  11.51 
281  0.20  150.776  1.427 5.6 1.05 0.00  11.44  11.60 
291  0.17  149.521  3.445 2.6 0.86 0.00  11.07  11.51 
292  0.22  150.091  2.391 4.6 1.22 0.00  11.59  11.64 
296  0.21  150.190  1.657 5.5 1.23 0.00  11.63  11.70 
311  0.14  150.416  2.430 3.5 1.08 0.00  11.58  11.78 
318  0.12  149.919  3.028 7.3 1.16 0.00  11.22  11.41 
321  0.20  149.750  3.192 7.9 1.11 0.00  11.49  11.44 
324  0.22  150.091  2.000 5.0 0.96 0.00  11.50  11.67 
325  0.11  150.088  3.253 3.4 0.67 0.00  11.11  11.48 
331  0.11  149.099  2.877 3.6 0.73 0.00  11.07  11.50 
339  0.24  149.626  3.061 4.8 1.30 0.00  11.45  11.56 
344  0.14  150.091  2.783 5.2 1.02 0.00  11.31  11.70 
360  0.25  150.263  2.672 4.1 0.80 0.00  11.28  11.49 
367  0.21  151.312  1.865 8.0 0.93 0.00  11.23  11.29 
389  0.20  150.599  3.630 2.3 0.74 0.00  11.06  11.55 
400  0.12  151.186  1.953 4.6 0.87 0.00  11.12  11.46 
413  0.25  241.164  54.527 3.9 1.14 0.00  11.57  11.71 
416  0.24  241.237  55.639 2.2 0.80 0.00  11.30  11.62 
418  0.22  242.799  55.581 3.3 0.93 0.00  11.40  11.67 
428  0.24  243.630  54.430 5.4 0.98 0.00  11.47  11.62 
429  0.26  241.461  54.791 7.3 0.97 0.00  11.55  11.61 
432  0.26  244.659  55.287 4.6 1.09 0.00  11.65  11.78 
435  0.30  242.752  56.297 4.2 1.31 0.00  11.34  11.37 
436  0.18  242.114  53.243 4.9 1.12 0.00  11.56  11.78 
443  0.25  242.779  55.793 4.4 1.16 0.00  11.46  11.51 
455  0.25  243.550  55.692 5.0 1.14 0.00  11.68  11.81 
460  0.20  244.580  54.871 4.0 1.08 0.00  11.50  11.74 
461  0.26  240.837  55.113 8.0 1.36 0.00  11.59  11.53 
465  0.23  242.019  54.144 4.5 0.79 0.00  11.42  11.58 
466  0.23  243.336  54.175 3.1 0.64 0.00  11.19  11.49 
470  0.25  241.408  55.221 2.5 0.69 0.00  11.13  11.44 
477  0.18  243.538  53.529 4.8 0.92 0.00  11.39  11.54 
481  0.25  242.183  55.760 6.5 0.89 0.00  11.43  11.56 
487  0.23  240.574  55.587 5.5 1.51 0.01  11.30  11.23 
492  0.26  244.626  54.291 5.3 1.02 0.00  11.34  11.44 
497  0.26  240.281  54.541 7.2 0.98 0.01  11.13  11.25 
498  0.15  242.460  55.958 6.5 0.98 0.00  11.18  11.30 
505  0.22  243.054  54.688 3.7 0.83 0.00  11.15  11.47 
506  0.25  242.196  55.991 3.6 1.05 0.00  11.21  11.34 
510  0.24  240.878  54.748 3.0 0.61 0.00  11.04  11.35 
525  0.14  243.654  56.632 2.3 0.94 0.00  11.22  11.72 
530  0.26  242.148  55.282 4.7 0.90 0.00  11.38  11.55 
540  0.15  243.517  56.003 2.9 0.71 0.00  11.14  11.53 
550  0.15  245.100  54.732 5.1 0.77 0.00  11.03  11.28 
556  0.24  242.952  55.201 8.0 0.97 0.00  11.17  11.24 
557  0.26  243.216  55.591 3.2 0.91 0.00  11.21  11.53 
558  0.23  242.547  53.773 5.0 0.95 0.00  11.13  11.27 
570  0.25  242.518  56.416 5.0 1.10 0.00  11.40  11.34 
571  0.17  243.469  56.267 3.5 0.88 0.00  11.34  11.75 
580  0.26  244.013  54.737 6.3 1.25 0.00  11.40  11.47 
591  0.26  241.633  55.013 8.0 1.03 0.00  11.40  11.37 
597  0.25  244.054  55.401 8.0 0.86 0.00  11.10  11.20 
603  0.29  240.393  55.135 3.8 0.67 0.00  11.09  11.35 
604  0.28  243.089  55.000 5.7 0.99 0.00  11.28  11.47 
610  0.25  241.645  54.582 7.3 1.39 0.00  11.80  11.80 
2  0.50  35.960  -5.611 8.0 1.29 0.08  11.70  11.74 
3  0.32  35.510  -4.535 4.2 0.86 0.00  11.24  11.42 
5  0.32  34.923  -4.875 6.2 1.16 0.00  11.65  11.74 
6  0.49  36.140  -4.835 5.6 1.01 0.00  11.65  11.78 
10  0.50  35.992  -4.585 4.4 1.17 0.01  11.60  11.53 
11  0.46  34.145  -4.470 4.3 0.80 0.10  11.33  11.41 
16  0.44  35.924  -4.514 4.4 1.22 0.00  11.81  11.82 
17  0.36  34.641  -5.634 2.0 1.27 0.00  11.42  11.50 
21  0.33  36.009  -5.091 7.0 1.36 0.00  11.53  11.54 
26  0.34  34.003  -5.388 4.4 1.19 0.03  11.32  11.44 
30  0.50  36.036  -5.350 3.6 0.47 0.00  11.14  11.23 
35  0.49  36.020  -5.288 5.1 0.78 0.00  11.50  11.58 
42  0.49  35.593  -4.768 8.0 1.35 0.01  11.16  11.22 
45  0.30  36.119  -5.603 5.1 0.90 0.00  11.36  11.44 
54  0.42  37.116  -4.435 7.3 1.03 0.01  11.72  11.74 
60  0.35  37.122  -4.994 5.1 1.43 0.00  11.97  12.00 
64  0.49  36.637  -5.009 8.0 1.38 0.00  11.68  11.65 
66  0.37  36.644  -4.994 4.9 0.75 0.00  11.17  11.34 
74  0.32  35.182  -3.461 5.5 0.80 0.00  11.27  11.41 
76  0.34  34.979  -3.844 4.2 0.81 0.00  11.31  11.47 
83  0.44  34.794  -4.033 4.0 1.21 0.00  11.56  11.44 
89  0.43  35.724  -3.604 4.7 1.09 0.00  11.76  11.84 
107  0.43  35.519  -3.602 7.2 1.21 0.00  11.76  11.80 
108  0.44  35.333  -3.743 6.1 1.19 0.00  11.58  11.58 
114  0.31  37.139  -4.041 4.1 0.94 0.00  11.38  11.58 
124  0.43  37.302  -4.311 6.2 1.27 0.01  11.36  11.49 
134  0.42  350.971  -1.560 4.4 1.21 0.01  11.54  11.53 
136  0.35  350.537  -1.349 6.5 1.28 0.00  11.56  11.59 
143  0.46  352.988  1.042 3.2 1.16 0.01  11.83  11.94 
148  0.35  351.264  -0.639 4.5 1.04 0.00  11.42  11.57 
151  0.40  350.762  -1.045 5.2 1.33 0.00  11.54  11.62 
158  0.39  352.329  0.135 5.5 1.06 0.00  11.48  11.60 
166  0.34  351.092  -0.171 5.5 1.17 0.00  11.57  11.68 
172  0.42  351.887  -0.018 4.1 0.74 0.00  11.36  11.49 
188  0.43  351.890  0.607 5.5 0.76 0.00  11.38  11.42 
200  0.46  351.280  -0.639 8.0 1.24 0.01  11.27  11.19 
202  0.40  352.096  0.390 4.2 0.89 0.00  11.58  11.75 
216  0.46  352.718  -0.185 4.9 0.74 0.00  11.37  11.26 
220  0.44  351.544  0.122 3.1 0.56 0.00  11.05  11.21 
228  0.47  353.006  0.546 4.7 1.14 0.00  11.73  11.92 
233  0.45  352.790  -0.109 3.1 0.67 0.00  11.21  11.35 
236  0.49  352.308  -1.414 2.4 0.71 0.00  11.35  11.51 
243  0.45  353.313  1.005 1.2 0.90 0.00  11.55  11.49 
245  0.48  353.698  0.783 8.0 1.26 0.00  11.58  11.56 
248  0.45  148.898  1.053 2.0 0.89 0.00  11.39  11.63 
251  0.35  149.853  1.251 6.2 1.34 0.00  11.59  11.56 
260  0.47  148.583  1.300 5.5 0.75 0.01  11.28  11.39 
266  0.36  149.861  1.023 1.6 0.58 0.00  11.15  11.38 
267  0.35  148.974  1.409 4.0 0.52 0.00  11.08  11.22 
268  0.44  149.815  1.043 8.0 1.02 0.00  11.36  11.37 
272  0.32  149.143  1.364 8.0 1.57 0.00  11.44  11.39 
293  0.38  149.424  2.564 2.4 0.75 0.00  11.08  11.31 
295  0.34  149.761  2.929 4.7 1.37 0.00  11.75  11.83 
300  0.36  150.239  1.528 4.3 0.88 0.00  11.45  11.59 
302  0.35  149.600  2.821 5.7 1.31 0.00  11.77  11.85 
307  0.44  149.697  3.658 1.4 0.88 0.00  11.35  11.57 
312  0.33  149.037  3.305 7.7 1.28 0.00  11.41  11.47 
316  0.35  149.142  3.094 3.6 0.68 0.00  11.30  11.49 
317  0.35  149.985  1.680 7.1 0.74 0.00  11.30  11.35 
319  0.34  150.381  2.444 4.1 0.90 0.00  11.34  11.53 
320  0.40  148.631  2.951 4.6 1.53 0.00  11.74  11.71 
322  0.31  149.632  2.070 4.9 0.67 0.00  11.16  11.30 
330  0.34  149.511  3.221 6.9 0.72 0.00  11.22  11.29 
333  0.35  149.846  2.260 3.7 0.94 0.00  11.24  11.49 
334  0.36  150.382  2.235 7.6 1.09 0.00  11.59  11.61 
335  0.35  149.301  1.503 7.8 0.92 0.00  11.38  11.45 
337  0.34  150.135  2.672 5.4 0.70 0.00  11.28  11.35 
338  0.33  150.491  2.588 3.5 0.91 0.00  11.21  11.20 
342  0.34  150.148  1.784 3.4 0.58 0.00  11.06  11.24 
345  0.31  148.850  1.786 6.2 1.09 0.00  11.21  11.31 
346  0.36  149.729  1.917 7.1 0.75 0.00  11.36  11.40 
347  0.31  149.091  2.070 5.4 0.80 0.00  11.36  11.49 
353  0.33  149.938  2.606 6.5 1.11 0.00  11.42  11.47 
354  0.43  149.963  2.210 8.0 1.40 0.00  11.66  11.66 
357  0.35  149.930  2.471 4.2 0.63 0.00  11.04  11.20 
358  0.49  149.014  2.614 2.4 0.50 0.00  11.22  11.38 
364  0.34  149.874  2.840 3.6 0.37 0.00  11.06  11.18 
365  0.35  151.381  2.588 4.6 1.47 0.00  11.94  11.84 
366  0.49  151.371  2.964 7.6 0.32 0.00  11.19  11.20 
373  0.33  150.997  2.617 4.2 1.03 0.00  11.70  11.90 
382  0.34  151.157  2.668 3.6 0.89 0.00  11.32  11.57 
385  0.39  151.086  2.819 8.0 1.27 0.00  11.59  11.52 
396  0.32  150.625  3.207 4.5 0.85 0.00  11.63  11.74 
402  0.33  151.426  2.978 7.6 0.95 0.00  11.16  11.20 
414  0.34  242.900  54.276 4.6 1.27 0.00  11.95  11.98 
415  0.34  243.564  54.725 6.2 1.19 0.00  11.73  11.78 
417  0.36  241.638  53.900 4.5 1.14 0.00  11.77  11.93 
419  0.39  241.152  55.953 4.4 1.02 0.01  11.79  11.61 
423  0.34  242.658  54.092 2.5 1.12 0.00  11.62  11.67 
440  0.38  243.976  53.439 4.4 1.45 0.04  11.77  11.88 
446  0.35  244.811  55.228 8.0 1.36 0.00  11.58  11.35 
447  0.36  241.142  55.217 7.9 1.58 0.00  11.52  11.47 
450  0.43  242.975  56.412 7.5 1.23 0.00  11.61  11.62 
452  0.42  244.223  55.143 7.5 1.46 0.00  11.80  11.74 
454  0.36  242.794  56.363 4.6 0.90 0.00  11.61  11.73 
457  0.43  243.487  54.806 6.2 0.57 0.00  11.26  11.33 
462  0.31  244.227  56.039 3.2 0.63 0.00  11.05  11.30 
474  0.38  244.984  55.032 7.2 1.16 0.00  11.57  11.48 
479  0.44  244.541  54.989 5.4 1.21 0.00  11.38  11.36 
482  0.50  243.205  55.044 7.7 1.49 0.00  11.76  11.65 
484  0.37  241.952  54.603 5.0 0.99 0.00  11.59  11.74 
486  0.45  242.579  53.772 4.8 0.68 0.00  11.37  11.46 
488  0.33  243.378  54.186 3.4 0.70 0.00  11.32  11.54 
491  0.33  243.111  54.807 4.1 1.09 0.03  11.67  11.62 
495  0.49  243.558  55.792 8.0 1.33 0.00  11.79  11.79 
496  0.32  241.086  55.721 1.8 0.87 0.00  11.46  11.72 
499  0.35  243.331  55.670 6.8 0.84 0.01  11.28  11.31 
509  0.31  241.979  55.173 4.0 0.72 0.00  11.29  11.47 
514  0.49  242.980  54.547 3.0 0.47 0.00  11.05  11.18 
515  0.36  242.585  54.876 4.0 0.95 0.00  11.08  11.30 
516  0.48  242.041  56.770 4.9 0.93 0.01  11.71  11.75 
520  0.34  243.880  54.875 5.6 0.78 0.00  11.45  11.55 
526  0.48  243.890  54.841 5.7 0.93 0.00  11.41  11.52 
531  0.42  242.499  53.241 3.8 0.63 0.00  11.22  11.38 
534  0.40  241.999  56.104 5.3 1.17 0.00  11.69  11.77 
535  0.34  240.806  54.661 4.7 0.63 0.00  11.14  11.26 
539  0.49  243.306  56.013 2.9 0.76 0.00  11.32  11.51 
542  0.49  243.218  54.462 5.2 0.71 0.00  11.27  11.31 
544  0.47  243.865  54.454 6.4 0.82 0.00  11.38  11.36 
545  0.32  245.073  54.728 5.6 0.80 0.00  11.33  11.49 
547  0.48  240.756  55.094 5.3 1.30 0.00  11.56  11.67 
552  0.47  241.439  54.772 2.0 0.82 0.00  11.27  11.50 
553  0.45  243.096  54.017 5.7 1.31 0.00  11.57  11.65 
562  0.46  242.451  55.725 8.0 0.91 0.00  11.32  11.36 
564  0.49  243.198  56.117 4.8 0.83 0.00  11.44  11.28 
568  0.35  243.602  55.710 5.4 0.59 0.00  11.20  11.38 
569  0.39  243.213  53.994 5.7 1.17 0.00  11.45  11.55 
573  0.42  242.719  56.320 5.6 1.36 0.00  11.71  11.66 
574  0.41  244.057  55.413 3.4 0.89 0.00  11.53  11.76 
578  0.40  241.910  55.986 5.1 1.23 0.00  11.75  11.84 
579  0.39  243.336  53.696 7.1 1.16 0.00  11.40  11.46 
582  0.36  242.510  53.346 4.7 1.10 0.00  11.60  11.73 
583  0.46  242.503  53.862 3.8 0.73 0.00  11.13  11.27 
586  0.49  243.917  53.849 4.5 0.68 0.00  11.46  11.52 
589  0.42  242.138  55.498 4.5 1.20 0.00  11.61  11.64 
590  0.49  243.809  53.689 5.2 1.01 0.00  11.68  11.82 
592  0.42  240.477  54.992 2.2 0.61 0.00  11.11  11.30 
594  0.35  242.806  53.893 6.1 0.97 0.00  11.42  11.61 
596  0.48  243.947  54.252 4.8 1.23 0.00  11.93  11.98 
599  0.35  241.993  54.403 6.0 0.98 0.00  11.42  11.48 
602  0.47  243.836  54.520 6.7 1.27 0.00  11.80  11.72 
607  0.48  242.891  56.118 7.4 1.47 0.00  11.73  11.74 
609  0.34  242.627  54.343 2.6 0.70 0.00  11.18  11.43 
7  0.65  34.397  -5.225 2.3 0.51 0.00  11.33  11.50 
13  0.65  34.593  -5.656 5.5 0.78 0.01  11.33  11.36 
23  0.66  34.598  -5.417 4.2 0.93 0.00  11.71  11.87 
28  0.68  34.476  -5.452 8.0 1.39 0.00  11.85  11.81 
46  0.65  36.174  -4.639 8.0 0.72 0.01  11.32  11.35 
51  0.60  37.130  -4.731 4.0 0.80 0.00  11.67  11.83 
53  0.62  37.388  -4.663 7.7 0.99 0.01  11.47  11.59 
56  0.57  36.389  -5.535 3.2 0.89 0.01  11.24  11.65 
75  0.57  35.279  -3.524 2.3 0.97 0.00  11.75  12.06 
78  0.61  34.855  -4.080 2.3 0.53 0.00  11.22  11.24 
79  0.61  36.084  -3.607 3.7 1.12 0.00  11.41  11.58 
88  0.65  35.780  -3.947 8.0 0.81 0.01  11.55  11.36 
102  0.60  35.702  -4.070 6.3 1.30 0.01  11.97  11.57 
103  0.54  35.039  -3.433 5.7 1.01 0.01  11.55  11.58 
119  0.57  37.513  -3.994 8.0 1.10 0.13  11.58  11.59 
123  0.52  37.202  -4.331 4.6 1.32 0.02  11.84  11.06 
142  0.51  352.564  -1.328 7.1 1.21 0.01  11.72  11.69 
145  0.60  350.671  -0.572 5.8 1.30 0.01  11.65  11.70 
147  0.63  351.937  0.958 2.0 1.30 0.00  11.89  11.94 
155  0.53  353.170  -1.091 7.7 1.00 0.02  11.48  11.56 
161  0.58  351.422  -0.337 6.1 1.44 0.00  11.81  11.81 
165  0.64  352.524  0.953 8.0 1.29 0.01  11.90  11.96 
168  0.56  351.265  -1.398 4.9 1.25 0.01  11.84  11.95 
170  0.68  351.040  0.279 2.4 0.57 0.01  11.16  11.40 
173  0.51  353.139  -0.068 5.4 1.08 0.00  11.70  11.74 
174  0.62  353.020  -0.918 4.1 1.42 0.01  11.65  11.67 
177  0.56  351.962  -0.783 7.6 0.59 0.01  11.16  11.28 
183  0.56  350.672  -1.278 6.5 1.45 0.02  11.75  11.52 
194  0.53  352.449  -1.347 4.7 1.14 0.01  11.90  11.89 
204  0.50  350.932  -0.159 7.8 1.34 0.02  11.75  11.59 
218  0.50  352.200  -1.486 5.3 1.19 0.00  11.87  11.96 
224  0.69  350.966  0.212 8.0 0.62 0.01  11.34  11.40 
225  0.50  352.549  0.633 4.3 1.05 0.00  11.63  11.72 
239  0.50  353.366  -0.023 4.8 1.16 0.00  11.77  11.78 
242  0.53  353.848  0.540 8.0 1.06 0.02  11.28  11.48 
261  0.64  149.722  0.968 2.9 0.84 0.00  11.58  11.83 
263  0.67  150.308  1.264 2.5 0.50 0.00  11.16  11.37 
264  0.62  149.560  1.276 4.8 0.80 0.00  11.33  11.47 
285  0.66  151.086  0.999 4.5 1.33 0.00  11.77  11.73 
287  0.69  150.692  1.399 8.0 1.07 0.00  11.51  11.54 
288  0.67  151.003  1.217 4.7 1.28 0.01  11.45  11.52 
349  0.50  150.335  2.988 6.3 1.30 0.00  11.71  11.66 
350  0.67  148.831  2.908 5.2 0.65 0.01  11.39  11.44 
355  0.50  149.756  2.795 7.9 1.42 0.00  11.86  11.91 
356  0.53  150.210  3.230 5.3 0.94 0.00  11.65  11.73 
362  0.61  149.348  3.555 0.9 0.82 0.00  11.64  11.83 
369  0.53  150.716  3.241 2.8 1.08 0.00  11.79  11.83 
384  0.61  150.710  3.008 3.8 1.65 0.00  11.67  11.63 
388  0.54  150.783  3.110 5.8 1.22 0.00  11.68  11.76 
401  0.65  150.956  2.533 8.0 0.63 0.00  11.37  11.35 
403  0.62  150.824  3.644 4.6 1.25 0.01  11.56  11.47 
409  0.56  151.589  3.308 8.0 1.23 0.00  11.73  11.74 
427  0.67  244.853  55.243 8.0 1.12 0.01  11.57  11.50 
442  0.67  245.325  55.027 8.0 0.66 0.01  11.52  11.59 
453  0.54  244.608  54.428 4.3 1.04 0.02  11.87  11.95 
456  0.55  244.630  54.641 5.8 0.48 0.00  11.38  11.40 
459  0.68  241.615  54.829 4.4 1.09 0.01  11.55  11.63 
463  0.59  243.924  53.947 7.5 0.67 0.01  11.27  11.32 
464  0.65  242.704  55.440 2.3 0.64 0.00  11.22  11.46 
471  0.57  241.849  55.029 2.6 0.47 0.00  11.12  11.20 
472  0.64  243.174  56.401 4.1 0.67 0.00  11.27  11.45 
473  0.54  241.501  54.982 3.9 1.01 0.00  11.46  11.60 
476  0.64  241.568  54.904 8.0 1.14 0.00  11.24  11.27 
478  0.63  241.666  55.302 8.0 0.42 0.01  11.07  11.23 
508  0.65  242.236  54.865 7.0 0.60 0.00  11.40  11.42 
512  0.57  242.652  54.960 7.5 0.73 0.01  11.25  11.57 
513  0.68  241.305  54.645 7.7 1.20 0.01  11.44  11.55 
517  0.57  242.487  53.509 5.9 1.41 0.01  11.75  11.80 
519  0.60  240.478  54.930 2.8 0.65 0.00  11.44  11.61 
524  0.61  243.978  56.414 3.3 0.46 0.00  11.25  11.46 
528  0.51  240.636  55.676 5.8 0.99 0.01  11.75  11.78 
529  0.56  242.130  55.097 3.2 0.98 0.00  11.59  11.63 
532  0.54  243.452  55.045 8.0 1.39 0.00  11.81  11.78 
554  0.62  243.103  55.992 8.0 1.24 0.00  11.60  11.63 
561  0.51  244.161  56.342 3.9 1.11 0.00  11.83  12.03 
563  0.60  243.783  55.750 4.8 1.46 0.01  11.62  11.44 
565  0.50  243.341  55.212 7.4 1.10 0.01  11.40  11.41 
598  0.66  243.169  55.098 8.0 1.31 0.00  11.87  11.84 
600  0.63  240.855  55.101 6.5 0.86 0.01  11.38  11.30 
601  0.59  244.052  54.767 5.8 1.12 0.00  11.79  11.74 
4  0.87  35.944  -5.010 5.3 1.35 0.02  11.81  11.79 
12  0.85  35.403  -5.311 4.7 1.16 0.01  11.76  11.89 
15  0.76  33.797  -5.061 3.0 1.08 0.00  11.85  11.86 
22  0.72  36.195  -5.449 7.4 0.88 0.02  11.48  11.45 
25  0.79  35.124  -5.787 7.9 0.70 0.02  11.32  11.40 
32  0.72  35.578  -5.840 2.3 0.53 0.00  11.43  11.54 
33  0.89  34.796  -5.674 3.7 0.67 0.01  11.54  11.66 
36  0.87  36.057  -4.475 5.1 1.02 0.01  11.62  11.81 
40  0.81  35.605  -4.705 5.2 0.72 0.01  11.34  11.44 
43  0.85  35.559  -5.977 7.9 0.93 0.03  11.53  11.36 
48  0.85  35.337  -5.477 0.3 0.66 0.00  11.31  11.53 
59  0.79  36.549  -5.790 7.9 0.71 0.08  11.15  11.62 
62  0.89  36.602  -4.757 0.3 0.72 0.00  11.83  11.68 
86  0.84  35.997  -3.732 5.8 1.36 0.02  11.56  11.81 
90  0.86  35.285  -3.911 5.3 0.77 0.02  11.73  11.54 
94  0.74  34.957  -4.085 4.0 0.52 0.00  11.33  11.53 
98  0.78  35.656  -3.559 3.4 0.20 0.01  11.35  11.35 
109  0.74  37.554  -3.964 6.5 1.16 0.03  11.76  11.75 
113  0.85  36.965  -4.002 8.0 1.36 0.03  11.49  11.41 
118  0.73  37.223  -3.745 5.3 0.99 0.01  11.63  11.82 
125  0.84  37.160  -3.712 7.2 0.62 0.04  11.39  11.23 
127  0.77  36.729  -4.088 8.0 1.41 0.01  11.85  11.46 
138  0.70  350.889  -0.079 5.7 1.40 0.01  11.85  11.72 
157  0.76  351.845  -0.495 7.2 1.70 0.02  11.47  11.55 
163  0.85  352.345  -0.143 5.4 0.83 0.02  11.52  11.65 
167  0.78  350.957  0.724 7.9 1.02 0.02  11.51  11.59 
171  0.85  350.808  -0.549 7.9 1.43 0.03  11.50  11.43 
178  0.87  351.227  0.081 4.5 1.34 0.01  11.64  11.75 
180  0.79  350.309  -1.028 7.1 0.90 0.04  11.50  11.49 
184  0.79  350.800  -0.551 4.9 1.30 0.01  11.76  11.82 
187  0.88  352.845  -1.486 3.7 1.09 0.01  11.88  11.98 
191  0.76  350.557  -0.970 5.0 1.29 0.01  11.79  11.74 
198  0.80  351.936  -1.537 1.1 0.53 0.01  11.13  11.09 
207  0.79  351.758  -1.080 8.0 0.55 0.03  11.53  11.52 
208  0.84  352.419  -0.774 4.2 1.35 0.01  11.60  11.89 
211  0.82  351.186  -0.219 6.1 1.52 0.02  11.47  11.54 
213  0.77  352.717  0.636 7.7 0.72 0.01  11.27  11.40 
221  0.81  350.854  -0.998 7.5 0.66 0.02  11.18  11.28 
231  0.81  352.611  -1.178 3.4 0.75 0.01  11.69  11.71 
244  0.77  353.696  0.331 5.9 1.07 0.01  11.91  11.73 
253  0.86  150.278  0.948 5.2 0.47 0.01  11.69  11.56 
259  0.70  149.360  1.263 6.0 0.57 0.00  11.41  11.54 
262  0.87  150.457  0.932 7.8 -0.12 0.04  11.18  11.18 
269  0.78  148.696  1.242 8.0 0.66 0.01  11.56  11.44 
274  0.76  150.993  1.094 7.6 1.18 0.02  11.54  11.52 
277  0.86  150.781  0.959 8.0 1.00 0.01  11.93  11.76 
280  0.83  151.566  0.969 6.4 1.36 0.05  11.36  11.47 
298  0.73  149.826  3.514 5.5 1.18 0.01  11.81  11.93 
304  0.89  149.451  3.060 7.4 0.58 0.01  11.62  11.66 
308  0.75  149.172  2.612 7.9 0.40 0.01  11.28  11.23 
310  0.81  148.902  3.047 0.8 0.89 0.00  11.80  11.77 
328  0.73  149.903  2.500 8.0 0.10 0.00  11.00  11.15 
329  0.75  150.266  3.069 4.0 1.17 0.00  11.88  11.89 
336  0.87  149.473  3.328 4.2 1.21 0.01  11.90  11.84 
348  0.76  149.327  3.114 1.3 0.88 0.00  11.68  11.84 
361  0.90  149.286  1.650 2.7 0.66 0.01  11.59  11.61 
378  0.83  151.429  1.583 3.7 1.26 0.01  11.86  12.11 
386  0.84  151.363  1.895 4.9 1.39 0.01  12.00  11.60 
387  0.71  151.430  3.533 6.0 0.90 0.01  11.55  11.65 
398  0.81  151.275  2.264 3.3 0.99 0.01  11.51  11.72 
410  0.82  151.493  1.696 4.5 0.46 0.00  11.49  11.44 
412  0.78  151.698  1.843 3.3 0.90 0.02  11.60  11.76 
425  0.87  243.571  54.076 5.8 0.75 0.01  11.98  11.83 
434  0.89  241.480  54.211 8.0 0.87 0.01  11.91  11.82 
437  0.79  244.587  54.511 5.4 0.84 0.01  11.62  11.66 
444  0.86  243.965  53.662 4.6 1.23 0.02  11.59  11.73 
445  0.89  243.620  55.955 1.7 0.77 0.01  11.64  11.78 
458  0.85  243.751  56.553 4.5 1.20 0.01  11.93  12.23 
494  0.80  242.754  54.265 4.2 1.01 0.01  11.99  11.55 
501  0.71  242.187  56.030 7.9 1.19 0.01  11.85  11.67 
503  0.87  243.985  55.034 8.0 1.51 0.01  11.58  11.53 
521  0.73  245.055  54.530 4.0 0.67 0.01  11.53  11.64 
522  0.78  242.788  55.241 7.9 1.07 0.01  11.72  11.65 
536  0.79  241.571  56.241 8.0 0.96 0.01  11.14  11.32 
537  0.90  241.715  55.872 6.3 0.87 0.02  11.61  11.63 
538  0.83  243.598  53.621 5.5 0.98 0.02  11.39  11.51 
549  0.78  241.101  55.133 6.2 1.05 0.01  11.72  11.64 
559  0.87  243.833  55.444 5.5 1.04 0.01  11.82  12.03 
560  0.82  243.468  56.722 4.9 1.17 0.01  11.71  11.89 
566  0.71  241.829  56.362 7.9 1.46 0.02  11.65  11.48 
575  0.88  244.397  55.472 3.5 0.60 0.01  11.35  11.59 
581  0.77  243.498  54.965 8.0 1.24 0.00  11.95  11.69 
584  0.79  240.909  55.291 6.6 0.92 0.01  11.74  11.79 
587  0.85  243.985  56.427 5.1 0.82 0.02  11.16  11.56 
593  0.85  242.993  55.845 8.0 0.62 0.01  11.35  11.38 
605  0.87  241.519  56.179 6.3 1.15 0.01  11.82  11.89 
608  0.89  243.776  56.464 5.9 0.07 0.03  11.07  11.18 
19  0.91  35.941  -5.107 2.2 0.81 0.00  11.74  11.92 
20  0.97  35.515  -5.494 2.4 0.91 0.02  11.16  11.50 
39  0.93  33.783  -5.075 8.0 1.47 0.01  11.57  11.64 
57  0.90  36.404  -4.420 3.2 0.85 0.01  11.44  11.59 
72  1.00  35.232  -3.563 3.8 0.95 0.02  11.37  11.78 
73  1.00  35.433  -3.352 7.9 1.59 0.05  11.49  11.51 
87  1.04  34.873  -4.085 7.8 0.26 0.02  11.59  11.49 
92  1.06  35.972  -3.778 7.8 0.36 0.03  11.59  11.36 
93  1.00  35.147  -3.800 4.8 0.65 0.03  11.51  11.53 
100  0.94  35.977  -3.542 3.0 0.20 0.05  11.11  11.15 
106  1.02  34.398  -4.023 2.0 0.93 0.02  11.27  11.52 
116  1.05  36.272  -4.267 4.0 0.69 0.01  11.72  11.74 
128  1.05  36.891  -3.897 3.0 0.75 0.02  11.49  11.44 
150  0.94  352.452  -0.165 8.0 1.40 0.01  11.90  11.92 
160  1.08  350.894  0.079 4.0 0.71 0.08  11.54  11.51 
164  0.95  352.192  -1.578 3.2 0.66 0.06  11.40  11.39 
169  0.99  351.046  -0.198 2.2 0.87 0.01  11.83  11.80 
185  0.95  350.690  -1.096 7.9 1.18 0.08  11.30  11.36 
190  1.04  352.986  0.743 1.1 0.81 0.01  11.32  11.70 
206  0.95  351.181  -0.660 7.5 -0.46 0.47  11.22  11.28 
215  1.01  353.000  -0.270 7.4 1.45 0.03  11.69  11.95 
219  0.96  351.355  -0.263 7.9 0.62 0.05  11.22  11.47 
227  0.96  351.308  0.425 3.1 0.61 0.02  11.40  11.41 
229  1.08  351.360  0.558 3.0 0.55 0.02  11.65  11.47 
249  0.98  150.476  0.818 7.2 0.57 0.05  11.29  11.27 
255  0.95  149.596  0.886 6.3 1.40 0.03  11.23  11.61 
256  0.92  149.869  0.970 4.7 1.24 0.01  11.63  11.78 
265  0.98  149.418  1.368 7.9 0.60 0.01  11.66  11.56 
271  0.94  149.332  1.468 7.5 1.01 0.01  11.83  11.85 
278  0.93  151.447  1.468 8.0 0.82 0.01  11.34  11.54 
286  0.97  151.330  0.908 7.8 0.94 0.02  11.58  11.66 
313  1.02  148.970  2.352 4.6 1.13 0.02  11.55  12.03 
314  0.96  149.109  1.923 5.0 0.84 0.02  11.56  11.64 
323  1.00  148.683  3.533 6.7 0.87 0.24  11.44  11.37 
341  0.97  149.982  3.259 8.0 0.86 0.01  11.71  11.65 
343  1.02  149.418  3.718 7.6 1.34 0.05  11.11  11.46 
370  0.97  151.041  3.311 3.5 0.78 0.01  11.74  11.69 
372  0.96  150.550  3.468 6.7 1.00 0.02  11.65  11.68 
374  0.92  151.250  1.951 7.5 0.42 0.01  11.25  11.36 
375  0.98  150.820  3.202 4.8 1.33 0.02  11.60  11.47 
376  0.91  150.747  3.096 6.7 1.05 0.01  11.84  11.86 
381  0.99  151.714  2.922 2.8 0.49 0.01  11.47  11.61 
390  1.02  151.087  2.276 2.6 0.83 0.01  11.36  11.61 
391  1.08  150.586  3.469 4.7 1.07 0.04  11.33  11.71 
394  0.93  150.972  3.014 8.0 1.61 0.02  11.30  11.61 
395  0.93  151.330  1.518 6.1 1.19 0.02  11.79  11.73 
405  0.95  150.861  3.622 2.4 0.75 0.01  11.24  11.56 
438  0.93  243.245  55.990 4.9 0.68 0.01  11.61  11.70 
469  1.10  244.254  56.217 7.7 0.64 0.03  11.80  11.64 
523  1.00  243.178  54.161 4.2 1.11 0.04  11.41  11.66 
548  1.10  241.541  53.463 7.4 1.11 0.09  11.26  11.64 
567  0.91  242.237  53.581 6.2 1.09 0.02  11.80  11.72 
24  1.13  35.038  -5.765 7.8 1.26 0.17  11.64  11.63 
95  1.10  35.798  -4.135 0.3 0.95 0.00  11.47  11.61 
133  1.14  353.174  -0.245 1.3 1.21 0.03  11.38  11.75 
141  1.17  351.578  0.505 7.9 0.93 0.23  11.42  11.70 
182  1.17  351.326  0.746 7.9 1.35 0.03  11.49  11.79 
192  1.11  351.671  0.536 3.7 0.42 0.02  11.31  11.34 
199  1.10  350.654  -0.587 7.8 1.05 0.07  11.68  11.58 
203  1.17  351.609  0.375 3.7 0.27 0.04  11.23  11.13 
279  1.17  151.476  1.129 7.2 0.77 0.04  11.30  11.59 
289  1.15  151.349  1.187 3.1 0.35 0.02  11.72  11.45 
352  1.36  148.705  2.037 5.7 0.81 0.17  11.89  11.83 
504  1.14  242.853  53.325 1.4 0.70 0.01  11.41  11.53 
518  1.14  244.343  55.632 1.3 0.78 0.02  11.33  11.24 
533  1.16  244.551  54.612 2.8 0.75 0.05  11.70  11.67 
555  1.22  241.522  53.747 7.7 0.52 0.08  11.23  11.35 
595  1.16  244.751  55.555 3.7 1.20 0.02  11.88  11.87 
